[0.612113777972853, 1.8635052830265175, 1.7768509474247214, 1.7856226792769143, 1.8139351849223153, 1.8700892664130078, 1.9637965364999919, 1.9711263562607337, 2.0706665397518056, 151.3597598380361, 0.05525426489661416, 0.16614349993229385, 0.19487717358950601, 0.15096169403912396, 0.09874159730492105, 0.10564710965270382, 0.14397316892343545, 0.1255909514073161, 0.09380040105673801, 0.0617597697664143, 0.122479890227257, 0.12999069149298828, 0.12316601571317819, 0.09589273578059594, 0.010277534479576701, -0.002412305240444903, -0.006487828383763163, 0.0009334479539711469, -0.0022786876028144908, 0.0024418703346600797, 0.004266646187676439, -0.001358391394328666, 0.018380043822528953, 0.024064897601400743, 0.025283612466130208, 0.022607301162937205, 0.02181970579296556, 0.023904994021260333, 0.019860889229967385, 0.01662581023175997, 0.020349402362885818, 0.027374656860434346, 0.04231896852843661, 0.047316988540142914, 0.03260656035812369, 0.03389549399340393, 0.04841258887309579, 0.058677358446670526, 0.09177334222842111, 0.088518109522179, 0.05957360738450618, 0.024730187289877376, -0.002634798382640405, -0.0025444840188630904, 0.010432531814265853, 0.012287714970068512, 0.06628265554823617, 0.07001721904215123, 0.06063249054167303, -0.011866304613843626, -0.19576375491588702, -0.30003801860366774, -0.39199746677193026, -0.5519856482484026]
[0.44683246228176615, 0.5071664837857894, 0.5358724725429185, 0.5478618998769444, 0.5628827149391405, 0.5699205769064797, 0.535864971024387, 0.48866265674335446, 0.45472649067886745, 42.722239445764416, 0.3907336584556261, 0.34172574176011106, 0.29279573312788126, 0.27294253962421444, 0.2596967368594406, 0.23959052928710847, 0.2296313583325769, 0.20107441270770177, 0.17439365207686372, 0.15850286084412754, 0.12851040049353513, 0.11228647588686104, 0.09729951428493104, 0.08231757593467388, 0.07564925468949053, 0.06605267371352826, 0.0606824463443539, 0.05839554311380751, 0.05090317558451439, 0.04648695816610112, 0.043459995789797146, 0.04196501420884607, 0.039680300460735236, 0.03537365487946722, 0.03462792997839439, 0.03572329071100841, 0.032412568034837545, 0.03197651910220406, 0.03076104689071596, 0.03091968354068306, 0.0346324402163407, 0.03554338841520245, 0.036108581318871714, 0.03943330225888444, 0.04777722476306958, 0.05331650728777356, 0.05706233764686027, 0.059074877855715156, 0.0725501010709793, 0.08275233767678351, 0.09417919892663693, 0.10662800910816267, 0.11258447640520393, 0.13134195247038355, 0.16166687100238727, 0.19832998225062648, 0.2273459947272224, 0.2513374030694071, 0.27200144340453725, 0.2794677274620379, 0.28507638523268547, 0.29686418059173486, 0.3244528535550101, 0.38239629200780506]
[0.7957156555786837, 0.8037130099526489, 0.8144193814228661, 0.824227672864297, 0.8483570153202064, 0.8871888145135463, 0.8874111551951802, 0.8843715864751885]
[0.21699745981781046, 0.24238485879354835, 0.24913412977276328, 0.2550567781226249, 0.25805421752917185, 0.24104741910935926, 0.218997639094593, 0.19330422016532936]
0.02166240021633711
1.8894490991970008
0.25659522409067365
0.004833428637217127
0.9614316264712965
0.2519815822090863
